Series 1: t_s = [0, 1, 2, 3, 4, 5, 6, 7, 8, 9, 10, 11, 12, 13, 14, 15, 16, 17, 18, 19, 20, 21, 22, 23, 24, 25, 26, 27, 28, 29, 30, 31, 32, 33, 34, 35, 36, 37, 38, 39, 40, 41, 42, 43, 44, 45, 46, 47, 48, 49, 50, 51, 52, 53, 54, 55, 56, 57, 58, 59, 60, 61, 62, 63, 64, 65, 66, 67, 68, 69, 70, 71, 72, 73, 74, 75, 76, 77, 78, 79, 80, 81, 82, 83, 84, 85, 86, 87, 88, 89, 90, 91, 92, 93, 94, 95, 96, 97, 98, 99, 100, 101, 102, 103, 104, 105, 106, 107, 108, 109, 110, 111, 112, 113, 114, 115, 116, 117, 118, 119, 120, 121, 122, 123, 124, 125, 126, 127, 128, 129, 130, 131, 132, 133, 134, 135, 136, 137, 138, 139, 140, 141, 142, 143, 144, 145, 146, 147, 148, 149], s = [0.99607269 0.995763   0.99511165 0.99419488 0.99302504 0.99146608
 0.98940717 0.98677816 0.9835421  0.97935513 0.97402676 0.96745354
 0.95932504 0.94966747 0.93797495 0.92361758 0.90646564 0.88699327
 0.86447633 0.83859468 0.80989443 0.77844017 0.74457986 0.70812629
 0.67051602 0.63164935 0.59249077 0.55321732 0.51489673 0.47776181
 0.44225683 0.40868244 0.37700431 0.34732089 0.32058074 0.29572127
 0.2733946  0.25303252 0.23489268 0.21858431 0.20379364 0.19094458
 0.17934683 0.1689134  0.15997542 0.15198845 0.14512197 0.13887753
 0.13339914 0.1286372  0.12451918 0.12088261 0.11749438 0.1147268
 0.11230022 0.11011003 0.10815828 0.10655557 0.10505329 0.10373499
 0.10256916 0.10150712 0.10056665 0.0997122  0.09899362 0.09838306
 0.09782454 0.09731437 0.09685142 0.09647647 0.09616984 0.0959096
 0.09564679 0.09541656 0.09518683 0.09497994 0.09480163 0.09464673
 0.09448757 0.09436561 0.09424626 0.09413902 0.09404788 0.09399062
 0.09393109 0.09388131 0.09382997 0.09377674 0.09373933 0.09370221
 0.09366485 0.09363259 0.09359621 0.09357286 0.09354758 0.09352984
 0.09351444 0.09349475 0.0934819  0.09346827 0.09345599 0.09344938
 0.09344398 0.09343675 0.09343282 0.09342868 0.09342244 0.09341635
 0.09341119 0.09340667 0.09340508 0.09340396 0.09340275 0.09340185
 0.09340094 0.09340004 0.09339927 0.09339789 0.09339582 0.09339376
 0.09339329 0.09339311 0.09339294 0.09339276 0.09339259 0.09339241
 0.09339226 0.09339218 0.0933921  0.09339201 0.09339193 0.09339185
 0.09339176 0.09339168 0.09339159 0.09339151 0.09339143 0.09339134
 0.09339126 0.09339118 0.09339109 0.09339101 0.09339096 0.09339096
 0.09339096 0.09339096 0.09339096 0.09339096 0.09339096 0.09339096], s_s = [6.20961911e-05 8.46112955e-04 1.93953109e-03 3.23332306e-03
 4.60117617e-03 6.19232025e-03 8.42438844e-03 1.11149160e-02
 1.42214482e-02 1.84682606e-02 2.37080993e-02 2.98038474e-02
 3.69402054e-02 4.48605585e-02 5.41990819e-02 6.49471905e-02
 7.72382567e-02 8.99049130e-02 1.03336679e-01 1.17295268e-01
 1.30885431e-01 1.44172107e-01 1.56515907e-01 1.67541132e-01
 1.77139209e-01 1.84462126e-01 1.89983915e-01 1.92934103e-01
 1.94066776e-01 1.93179352e-01 1.90185383e-01 1.85486705e-01
 1.79595313e-01 1.72362193e-01 1.64625761e-01 1.56169100e-01
 1.47965551e-01 1.39183482e-01 1.30616685e-01 1.21877394e-01
 1.12785687e-01 1.04365090e-01 9.55551078e-02 8.77926130e-02
 8.09792766e-02 7.48898148e-02 6.91783712e-02 6.39238681e-02
 5.93597134e-02 5.52414625e-02 5.19032463e-02 4.90082633e-02
 4.61967644e-02 4.39482612e-02 4.19594408e-02 4.04245285e-02
 3.91891404e-02 3.80600207e-02 3.71501076e-02 3.62255977e-02
 3.55717997e-02 3.50024049e-02 3.45158628e-02 3.41296111e-02
 3.39046484e-02 3.36731892e-02 3.34789443e-02 3.33871299e-02
 3.33481260e-02 3.32794950e-02 3.32317752e-02 3.31821433e-02
 3.31481298e-02 3.31205137e-02 3.31075081e-02 3.30875615e-02
 3.30680913e-02 3.30659628e-02 3.30538055e-02 3.30382696e-02
 3.30296266e-02 3.30270267e-02 3.30238296e-02 3.30199643e-02
 3.30191798e-02 3.30173910e-02 3.30123691e-02 3.30070459e-02
 3.30053866e-02 3.30070300e-02 3.30134740e-02 3.30166711e-02
 3.30122390e-02 3.30137538e-02 3.30143363e-02 3.30137519e-02
 3.30131581e-02 3.30149286e-02 3.30160534e-02 3.30146402e-02
 3.30134233e-02 3.30142760e-02 3.30153377e-02 3.30144321e-02
 3.30146043e-02 3.30143438e-02 3.30137211e-02 3.30123573e-02
 3.30114482e-02 3.30100790e-02 3.30097933e-02 3.30094903e-02
 3.30092759e-02 3.30091806e-02 3.30090927e-02 3.30090097e-02
 3.30090349e-02 3.30082634e-02 3.30066132e-02 3.30051200e-02
 3.30050262e-02 3.30050387e-02 3.30050518e-02 3.30050654e-02
 3.30050794e-02 3.30050938e-02 3.30050988e-02 3.30050834e-02
 3.30050682e-02 3.30050532e-02 3.30050384e-02 3.30050238e-02
 3.30050095e-02 3.30049953e-02 3.30049814e-02 3.30049676e-02
 3.30049541e-02 3.30049408e-02 3.30049277e-02 3.30049148e-02
 3.30049021e-02 3.30048897e-02 3.30048826e-02 3.30048826e-02
 3.30048826e-02 3.30048826e-02 3.30048826e-02 3.30048826e-02
 3.30048826e-02 3.30048826e-02]
Series 2: t_i = [0, 1, 2, 3, 4, 5, 6, 7, 8, 9, 10, 11, 12, 13, 14, 15, 16, 17, 18, 19, 20, 21, 22, 23, 24, 25, 26, 27, 28, 29, 30, 31, 32, 33, 34, 35, 36, 37, 38, 39, 40, 41, 42, 43, 44, 45, 46, 47, 48, 49, 50, 51, 52, 53, 54, 55, 56, 57, 58, 59, 60, 61, 62, 63, 64, 65, 66, 67, 68, 69, 70, 71, 72, 73, 74, 75, 76, 77, 78, 79, 80, 81, 82, 83, 84, 85, 86, 87, 88, 89, 90, 91, 92, 93, 94, 95, 96, 97, 98, 99, 100, 101, 102, 103, 104, 105, 106, 107, 108, 109, 110, 111, 112, 113, 114, 115, 116, 117, 118, 119, 120, 121, 122, 123, 124, 125, 126, 127, 128, 129, 130, 131, 132, 133, 134, 135, 136, 137, 138, 139, 140, 141, 142, 143, 144, 145, 146, 147, 148, 149], i = [3.64440079e-03 3.91488072e-03 4.47252056e-03 5.23022564e-03
 6.20950828e-03 7.52013025e-03 9.30718042e-03 1.15005757e-02
 1.41342584e-02 1.76268572e-02 2.20377386e-02 2.74312796e-02
 3.40628824e-02 4.18159817e-02 5.11584317e-02 6.23660558e-02
 7.54899047e-02 8.99493668e-02 1.06152663e-01 1.24457026e-01
 1.43823318e-01 1.64070974e-01 1.84426460e-01 2.04883736e-01
 2.24134679e-01 2.42747697e-01 2.58531776e-01 2.72372821e-01
 2.83004707e-01 2.90655730e-01 2.94934349e-01 2.96513536e-01
 2.94932125e-01 2.91934287e-01 2.85513015e-01 2.77060124e-01
 2.66755504e-01 2.55528242e-01 2.42976582e-01 2.29808993e-01
 2.16400365e-01 2.02909271e-01 1.89680343e-01 1.76336650e-01
 1.62966643e-01 1.50257105e-01 1.37642803e-01 1.26349945e-01
 1.15533811e-01 1.05360708e-01 9.59148201e-02 8.71294900e-02
 7.92265446e-02 7.17022497e-02 6.44355484e-02 5.81341960e-02
 5.24517102e-02 4.71295022e-02 4.24285872e-02 3.81179818e-02
 3.40537596e-02 3.05902648e-02 2.73699504e-02 2.45434929e-02
 2.18949692e-02 1.95563624e-02 1.74223895e-02 1.55641143e-02
 1.38704942e-02 1.23196648e-02 1.09458682e-02 9.59590624e-03
 8.50774248e-03 7.59647337e-03 6.69956203e-03 5.98182582e-03
 5.31558866e-03 4.67476583e-03 4.18965840e-03 3.71866952e-03
 3.28161212e-03 2.90730699e-03 2.59252091e-03 2.29243967e-03
 2.00645916e-03 1.76254214e-03 1.56289544e-03 1.38736328e-03
 1.21569175e-03 1.08327932e-03 9.67785412e-04 8.57380704e-04
 7.75325353e-04 6.82194995e-04 6.09122425e-04 5.31880397e-04
 4.73108422e-04 4.33678196e-04 3.88885621e-04 3.38768353e-04
 3.01789986e-04 2.69893584e-04 2.35675308e-04 2.08038910e-04
 1.80978791e-04 1.51709590e-04 1.36459450e-04 1.21326857e-04
 1.10284397e-04 9.71396746e-05 8.53510250e-05 7.37091459e-05
 6.37794087e-05 5.74384178e-05 5.17760736e-05 4.71254610e-05
 3.88350445e-05 3.57930089e-05 3.44570779e-05 3.43258597e-05
 3.10537598e-05 2.63245973e-05 1.93093480e-05 1.67551670e-05
 1.49915921e-05 1.32939816e-05 1.07942729e-05 8.78390926e-06
 7.40545311e-06 6.39466172e-06 5.48199960e-06 4.57170148e-06
 3.77043046e-06 3.46612267e-06 3.29695833e-06 3.38042335e-06
 3.46388837e-06 3.54735339e-06 3.63081841e-06 3.71428342e-06
 3.79774844e-06 3.88121346e-06 1.95297683e-06 1.71351959e-06
 1.47406235e-06 1.23460511e-06 9.95147867e-07 7.55690625e-07
 5.16233383e-07 2.76776141e-07], i_s = [6.97307604e-04 1.06641671e-03 1.95128220e-03 3.05443475e-03
 4.25109321e-03 5.66288109e-03 7.65231222e-03 9.92978267e-03
 1.24260342e-02 1.60039761e-02 2.02759767e-02 2.52145426e-02
 3.07012330e-02 3.67848594e-02 4.36887663e-02 5.11795355e-02
 5.96402949e-02 6.76817727e-02 7.55546157e-02 8.35754728e-02
 9.01694568e-02 9.59537189e-02 9.94773138e-02 1.01269330e-01
 1.01170251e-01 9.95464041e-02 9.61095969e-02 9.12539823e-02
 8.56034417e-02 7.92469410e-02 7.29164410e-02 6.74771342e-02
 6.35589457e-02 6.17003587e-02 6.13126525e-02 6.22843947e-02
 6.37305967e-02 6.61625984e-02 6.76154320e-02 6.87604543e-02
 7.05301954e-02 7.13945687e-02 7.21495953e-02 7.19172434e-02
 7.16505172e-02 7.02447366e-02 6.83667712e-02 6.65905904e-02
 6.40458336e-02 6.09401912e-02 5.84460267e-02 5.55446510e-02
 5.26781791e-02 4.94425676e-02 4.60701842e-02 4.28436567e-02
 3.98208959e-02 3.71186862e-02 3.44412362e-02 3.23737998e-02
 2.98985680e-02 2.79848417e-02 2.60013420e-02 2.40492926e-02
 2.19660115e-02 2.04735190e-02 1.90107201e-02 1.73838369e-02
 1.59458064e-02 1.42514816e-02 1.31551201e-02 1.19874111e-02
 1.10455891e-02 1.01541646e-02 9.04435175e-03 8.38060186e-03
 7.75130500e-03 7.00750045e-03 6.48806070e-03 5.91013260e-03
 5.43748093e-03 4.97397089e-03 4.54529279e-03 4.12446200e-03
 3.67482462e-03 3.28210995e-03 2.91413200e-03 2.64263767e-03
 2.38743618e-03 2.20378713e-03 2.06863171e-03 1.87702771e-03
 1.77501884e-03 1.65848412e-03 1.56371702e-03 1.42358830e-03
 1.33415950e-03 1.29076983e-03 1.22742015e-03 1.09955697e-03
 1.01236280e-03 9.50147579e-04 8.64501453e-04 8.20883961e-04
 7.46727848e-04 6.56442824e-04 6.28217212e-04 5.97344107e-04
 5.64315790e-04 5.26992290e-04 4.89337177e-04 4.43627516e-04
 4.06691389e-04 3.80196379e-04 3.61075448e-04 3.48642438e-04
 3.03823276e-04 3.05903013e-04 3.27487072e-04 3.57245658e-04
 3.26661161e-04 2.81238576e-04 2.19317796e-04 2.02958877e-04
 1.89994424e-04 1.78127891e-04 1.61019192e-04 1.35115952e-04
 1.22031103e-04 1.12655570e-04 1.05657181e-04 1.01500327e-04
 1.00504557e-04 1.01874171e-04 1.04206834e-04 1.06844910e-04
 1.09482985e-04 1.12121061e-04 1.14759137e-04 1.17397212e-04
 1.20035288e-04 1.22673364e-04 6.17276631e-05 5.41591474e-05
 4.65906316e-05 3.90221158e-05 3.14536001e-05 2.38850843e-05
 1.63165685e-05 8.74805277e-06]
Series 3: t_r = [0, 1, 2, 3, 4, 5, 6, 7, 8, 9, 10, 11, 12, 13, 14, 15, 16, 17, 18, 19, 20, 21, 22, 23, 24, 25, 26, 27, 28, 29, 30, 31, 32, 33, 34, 35, 36, 37, 38, 39, 40, 41, 42, 43, 44, 45, 46, 47, 48, 49, 50, 51, 52, 53, 54, 55, 56, 57, 58, 59, 60, 61, 62, 63, 64, 65, 66, 67, 68, 69, 70, 71, 72, 73, 74, 75, 76, 77, 78, 79, 80, 81, 82, 83, 84, 85, 86, 87, 88, 89, 90, 91, 92, 93, 94, 95, 96, 97, 98, 99, 100, 101, 102, 103, 104, 105, 106, 107, 108, 109, 110, 111, 112, 113, 114, 115, 116, 117, 118, 119, 120, 121, 122, 123, 124, 125, 126, 127, 128, 129, 130, 131, 132, 133, 134, 135, 136, 137, 138, 139, 140, 141, 142, 143, 144, 145, 146, 147, 148, 149], r = [2.82907662e-04 3.22122660e-04 4.15830124e-04 5.74890280e-04
 7.65453255e-04 1.01379384e-03 1.28564499e-03 1.72126746e-03
 2.32363894e-03 3.01800994e-03 3.93550055e-03 5.11517851e-03
 6.61207449e-03 8.51654734e-03 1.08666164e-02 1.40163627e-02
 1.80444529e-02 2.30573602e-02 2.93710076e-02 3.69482909e-02
 4.62822486e-02 5.74888532e-02 7.09936823e-02 8.69899708e-02
 1.05349298e-01 1.25602952e-01 1.48977459e-01 1.74409857e-01
 2.02098564e-01 2.31582461e-01 2.62808822e-01 2.94804025e-01
 3.28063568e-01 3.60744821e-01 3.93906246e-01 4.27218607e-01
 4.59849897e-01 4.91439234e-01 5.22130741e-01 5.51606693e-01
 5.79805999e-01 6.06146152e-01 6.30972823e-01 6.54749955e-01
 6.77057941e-01 6.97754446e-01 7.17235223e-01 7.34772529e-01
 7.51067048e-01 7.66002094e-01 7.79566004e-01 7.91987903e-01
 8.03279075e-01 8.13570954e-01 8.23264231e-01 8.31755774e-01
 8.39390006e-01 8.46314924e-01 8.52518123e-01 8.58147028e-01
 8.63377076e-01 8.67902611e-01 8.72063401e-01 8.75744305e-01
 8.79111406e-01 8.82060578e-01 8.84753073e-01 8.87121512e-01
 8.89278085e-01 8.91203865e-01 8.92884293e-01 8.94494494e-01
 8.95845468e-01 8.96986966e-01 8.98113612e-01 8.99038235e-01
 8.99882785e-01 9.00678502e-01 9.01322770e-01 9.01915723e-01
 9.02472125e-01 9.02953673e-01 9.03359595e-01 9.03716942e-01
 9.04062453e-01 9.04356150e-01 9.04607131e-01 9.04835898e-01
 9.05044982e-01 9.05214507e-01 9.05367365e-01 9.05510029e-01
 9.05628466e-01 9.05744949e-01 9.05843296e-01 9.05938276e-01
 9.06012452e-01 9.06071572e-01 9.06129218e-01 9.06192959e-01
 9.06242220e-01 9.06280728e-01 9.06320348e-01 9.06355215e-01
 9.06386198e-01 9.06419609e-01 9.06441096e-01 9.06462322e-01
 9.06478524e-01 9.06496192e-01 9.06509564e-01 9.06522334e-01
 9.06533469e-01 9.06540716e-01 9.06547281e-01 9.06552833e-01
 9.06561896e-01 9.06566321e-01 9.06569723e-01 9.06571912e-01
 9.06575655e-01 9.06580561e-01 9.06587753e-01 9.06590483e-01
 9.06592423e-01 9.06594297e-01 9.06596943e-01 9.06599037e-01
 9.06600499e-01 9.06601593e-01 9.06602589e-01 9.06603583e-01
 9.06604468e-01 9.06604855e-01 9.06605108e-01 9.06605108e-01
 9.06605108e-01 9.06605108e-01 9.06605108e-01 9.06605108e-01
 9.06605108e-01 9.06605108e-01 9.06607084e-01 9.06607324e-01
 9.06607563e-01 9.06607803e-01 9.06608042e-01 9.06608282e-01
 9.06608521e-01 9.06608761e-01], r_s = [0.00068976 0.00073419 0.00083778 0.00102175 0.00121558 0.00143717
 0.00169056 0.00210936 0.00270483 0.00341845 0.00440883 0.00563302
 0.00724655 0.0091388  0.01165583 0.0151349  0.01928834 0.02406747
 0.03024132 0.03670043 0.04429841 0.05265135 0.0625776  0.07304307
 0.08426016 0.09507112 0.10638996 0.11711928 0.12733814 0.13693366
 0.1453126  0.15271544 0.15855364 0.16274742 0.16574426 0.16739706
 0.16749057 0.16645498 0.1644353  0.16138994 0.15753294 0.15286443
 0.14775478 0.1417479  0.1360364  0.1294797  0.12281185 0.11624062
 0.10943346 0.10256864 0.09702548 0.09120672 0.08539031 0.07994099
 0.07457033 0.06978193 0.06549178 0.06170686 0.05829279 0.05537914
 0.05238877 0.04988424 0.04750958 0.04523748 0.04331925 0.04178857
 0.04038558 0.03916525 0.03819168 0.03716374 0.03653506 0.03584674
 0.03533416 0.03491923 0.03448426 0.0342302  0.03401782 0.03381924
 0.03367756 0.03353934 0.03341819 0.03334243 0.03325888 0.03321065
 0.03315186 0.03310357 0.0330665  0.03304558 0.03303756 0.03302676
 0.03301713 0.03300457 0.03299461 0.03299917 0.03300017 0.03300474
 0.03301346 0.03301822 0.03301951 0.03301434 0.03301477 0.03301697
 0.03301841 0.03302064 0.03302074 0.03301965 0.03302209 0.03302321
 0.03302195 0.03301832 0.03301685 0.03301691 0.03301656 0.03301583
 0.03301531 0.0330151  0.03301445 0.03301443 0.03301459 0.03301462
 0.03301362 0.03301247 0.03301083 0.03300982 0.03300899 0.03300795
 0.03300647 0.03300652 0.03300663 0.03300636 0.03300609 0.03300582
 0.03300558 0.03300561 0.03300569 0.03300569 0.03300569 0.03300569
 0.03300569 0.03300569 0.03300569 0.03300569 0.03300523 0.03300518
 0.03300513 0.03300509 0.03300504 0.033005   0.03300496 0.03300492]
